header:
  stamp:
    sec: 1747847825
    nanosec: 299727193
  frame_id: tag_frame
pose:
  position:
    x: -0.59134670657120303
    y: -0.64702272688659745
    z: 0.016032073056539333
  orientation:
    x: -0.00075093167729589584
    y: -0.0033997288249517079
    z: -0.69683025700053058
    w: 0.71722762835386322
